A 0 12
B 12 12
C 24 12
D 36 12
E 48 12
F 60 12
G 72 12
H 84 12
I 96 12
J 108 12
K 120 12
L 132 12
M 144 12
N 156 12
O 168 12
P 180 12
Q 192 12
R 204 12
S 216 12
T 228 12
U 240 12
V 252 12
W 264 12
X 276 12
Y 288 12
Z 300 12
a 312 12
b 324 12
c 336 12
d 348 12
e 360 12
f 372 12
g 384 12
h 396 12
i 408 12
j 420 12
k 432 12
l 444 12
m 456 12
n 468 12
o 480 12
p 492 12
q 504 12
r 516 12
s 528 12
t 540 12
u 552 12
v 564 12
w 576 12
x 588 12
y 600 12
z 612 12
` 624 12
1 636 12
2 648 12
3 660 12
4 672 12
5 684 12
6 696 12
7 708 12
8 720 12
9 732 12
0 744 12
- 756 12
= 768 12
~ 780 12
! 792 12
@ 804 12
# 816 12
$ 828 12
% 840 12
^ 852 12
& 864 12
* 876 12
( 888 12
) 900 12
_ 912 12
+ 924 12
[ 936 12
] 948 12
{ 960 12
} 972 12
; 984 12
' 996 12
: 1008 12
" 1020 12
, 1032 12
. 1044 12
/ 1056 12
\ 1068 12
< 1080 12
> 1092 12
? 1104 12
| 1116 12